1.1
1.1
1.1
1.1
1.1129411764705883
1.0870588235294116
1.0870588235294116
1.0741176470588234
1.0870588235294116
1.0870588235294116
1.0870588235294116
1.1
1.1
1.0870588235294116
1.0870588235294116
1.0870588235294116
1.0870588235294116
1.0870588235294116
1.0741176470588234
1.0870588235294116
1.0870588235294116
1.0870588235294116
1.0741176470588234
1.0741176470588234
1.0741176470588234
1.0741176470588234
1.0611764705882352
1.0741176470588234
1.0741176470588234
1.0611764705882352
1.0741176470588234
1.0611764705882352
1.0741176470588234
1.0611764705882352
1.0741176470588234
1.0611764705882352
1.0611764705882352
1.0611764705882352
1.0482352941176472
1.0482352941176472
1.0482352941176472
1.0482352941176472
1.0611764705882352
1.0611764705882352
1.0482352941176472
1.0482352941176472
1.035294117647059
1.035294117647059
1.0223529411764705
1.035294117647059
1.0223529411764705
1.0223529411764705
1.0223529411764705
1.0223529411764705
1.0094117647058822
1.0223529411764705
1.0094117647058822
0.9964705882352941
0.9835294117647058
0.9964705882352941
0.9835294117647058
0.9705882352941176
0.9705882352941176
0.9705882352941176
0.9705882352941176
0.9576470588235294
0.9576470588235294
0.9576470588235294
0.9576470588235294
0.9447058823529411
0.9447058823529411
0.9447058823529411
0.9447058823529411
0.9317647058823529
0.9317647058823529
0.9058823529411765
0.9188235294117646
0.9188235294117646
0.9058823529411765
0.9058823529411765
0.8929411764705882
0.8929411764705882
0.8929411764705882
0.8929411764705882
0.8799999999999999
0.8929411764705882
0.8799999999999999
0.8799999999999999
0.8670588235294118
0.8670588235294118
0.8670588235294118
0.8670588235294118
0.8670588235294118
0.8541176470588234
0.8411764705882353
0.8541176470588234
0.8411764705882353
0.8411764705882353
0.8411764705882353
0.8411764705882353
0.8411764705882353
0.8411764705882353
0.8282352941176471
0.8152941176470587
0.8282352941176471
0.8152941176470587
0.8152941176470587
0.8152941176470587
0.8152941176470587
0.8023529411764706
0.8152941176470587
0.8023529411764706
0.8023529411764706
0.8023529411764706
0.8023529411764706
0.8023529411764706
0.7894117647058823
0.7894117647058823
0.7894117647058823
0.7764705882352941
0.7764705882352941
0.7764705882352941
0.7764705882352941
0.7764705882352941
0.7764705882352941
0.7635294117647058
0.7635294117647058
0.7764705882352941
0.7635294117647058
0.7635294117647058
0.7505882352941176
0.7505882352941176
0.7505882352941176
0.7635294117647058
0.7505882352941176
0.7505882352941176
0.7376470588235294
0.7376470588235294
0.7247058823529411
0.7376470588235294
0.7376470588235294
0.7376470588235294
0.7376470588235294
0.7376470588235294
0.7247058823529411
0.7247058823529411
0.7247058823529411
0.7247058823529411
0.7247058823529411
0.7247058823529411
0.711764705882353
0.711764705882353
0.711764705882353
0.711764705882353
0.711764705882353
0.711764705882353
0.711764705882353
0.711764705882353
0.711764705882353
0.6988235294117646
0.6988235294117646
0.6988235294117646
0.6988235294117646
0.6858823529411764
0.6858823529411764
0.6988235294117646
0.6858823529411764
0.6858823529411764
0.6858823529411764
0.6858823529411764
0.6858823529411764
0.6858823529411764
0.6858823529411764
0.6858823529411764
0.6858823529411764
0.6858823529411764
0.6729411764705883
0.6729411764705883
0.6729411764705883
0.6729411764705883
0.6729411764705883
0.6599999999999999
0.6729411764705883
0.6599999999999999
0.6729411764705883
0.6599999999999999
0.6729411764705883
0.6599999999999999
0.6599999999999999
0.6599999999999999
0.6599999999999999
0.6470588235294118
0.6599999999999999
0.6599999999999999
0.6599999999999999
0.6470588235294118
0.6470588235294118
0.6470588235294118
0.6470588235294118
0.6470588235294118
0.6470588235294118
0.6470588235294118
0.6341176470588235
0.6470588235294118
0.6341176470588235
0.6341176470588235
0.6341176470588235
0.6341176470588235
0.6211764705882352
0.6341176470588235
0.6341176470588235
0.6341176470588235
0.6211764705882352
0.6211764705882352
0.6211764705882352
0.6341176470588235
0.6211764705882352
0.6211764705882352
0.6211764705882352
0.6211764705882352
0.6211764705882352
0.608235294117647
0.608235294117647
0.608235294117647
0.6211764705882352
0.608235294117647
0.608235294117647
0.5952941176470588
0.5952941176470588
0.608235294117647
0.608235294117647
0.5952941176470588
0.608235294117647
0.5952941176470588
0.5952941176470588
0.5952941176470588
0.5952941176470588
0.5952941176470588
0.5823529411764706
0.5952941176470588
0.5952941176470588
0.5823529411764706
0.5823529411764706
0.5823529411764706
0.5952941176470588
0.5823529411764706
0.5823529411764706
0.5823529411764706
0.5823529411764706
0.5823529411764706
0.5823529411764706
0.5823529411764706
0.5694117647058823
0.5823529411764706
0.5694117647058823
0.5694117647058823
0.5694117647058823
0.5694117647058823
0.5694117647058823
0.5694117647058823
0.5694117647058823
0.5694117647058823
0.5564705882352942
0.5564705882352942
0.5694117647058823
0.5694117647058823
0.5694117647058823
0.5435294117647058
0.5564705882352942
0.5694117647058823
0.5564705882352942
0.5564705882352942
0.5564705882352942
0.5564705882352942
0.5305882352941176
0.5435294117647058
0.5435294117647058
0.5435294117647058
0.5305882352941176
0.5564705882352942
0.5435294117647058
0.5435294117647058
0.5435294117647058
0.5435294117647058
0.5305882352941176
0.5305882352941176
0.5435294117647058
0.5305882352941176
0.5305882352941176
0.5305882352941176
0.5305882352941176
0.5305882352941176
0.5305882352941176
0.5176470588235295
0.5305882352941176
0.5305882352941176
0.5305882352941176
0.5176470588235295
0.5176470588235295
0.5176470588235295
0.5176470588235295
0.5176470588235295
0.5047058823529411
0.5047058823529411
0.5047058823529411
0.5176470588235295
0.5176470588235295
0.5047058823529411
0.5176470588235295
0.5047058823529411
0.5176470588235295
0.5047058823529411
0.5047058823529411
0.5047058823529411
0.5047058823529411
0.5047058823529411
0.5047058823529411
0.4917647058823529
0.5047058823529411
0.4917647058823529
0.5047058823529411
0.5047058823529411
0.4917647058823529
0.4917647058823529
0.4917647058823529
0.5047058823529411
0.4917647058823529
0.4917647058823529
0.4917647058823529
0.4917647058823529
0.4917647058823529
0.4917647058823529
0.4788235294117647
0.4917647058823529
0.4917647058823529
0.4788235294117647
0.4917647058823529
0.4917647058823529
0.4788235294117647
0.4917647058823529
0.4788235294117647
0.4788235294117647
0.4788235294117647
0.4788235294117647
0.4788235294117647
0.4788235294117647
0.46588235294117647
0.4788235294117647
0.4788235294117647
0.4788235294117647
0.46588235294117647
0.46588235294117647
0.4788235294117647
0.46588235294117647
0.4788235294117647
0.46588235294117647
0.46588235294117647
0.46588235294117647
0.4788235294117647
0.46588235294117647
0.46588235294117647
0.46588235294117647
0.46588235294117647
0.46588235294117647
0.46588235294117647
0.46588235294117647
0.46588235294117647
0.46588235294117647
0.45294117647058824
0.46588235294117647
0.45294117647058824
0.46588235294117647
0.45294117647058824
0.46588235294117647
0.46588235294117647
0.46588235294117647
0.46588235294117647
0.46588235294117647
0.45294117647058824
0.45294117647058824
0.45294117647058824
0.45294117647058824
0.45294117647058824
0.45294117647058824
0.45294117647058824
0.43999999999999995
0.45294117647058824
0.43999999999999995
0.45294117647058824
0.45294117647058824
16.00051236152649sec